[125, 113]

669227

{(153, 143): 1, (152, 143): 1, (152, 144): 1, (152, 142): 1, (152, 141): 1, (115, 101): 5, (116, 101): 5, (116, 105): 1, (115, 105): 1, (114, 105): 1, (113, 105): 1, (114, 106): 1, (113, 106): 1, (116, 106): 1, (115, 106): 1, (126, 96): 8, (126, 97): 8, (126, 98): 8, (117, 100): 5, (118, 100): 5, (118, 101): 5, (125, 110): 1, (126, 110): 1, (124, 110): 1, (124, 109): 1, (125, 111): 5, (126, 111): 5, (126, 112): 5, (126, 113): 5, (126, 114): 5, (125, 114): 5, (125, 113): 5, (125, 112): 5, (127, 112): 5, (127, 113): 5, (127, 114): 5, (127, 110): 1, (128, 110): 1, (129, 110): 1, (130, 110): 1, (131, 110): 1, (132, 110): 1}

[14, 11, 12, 10, 13, 4]

{1: 0, 2: 0, 4: 11, 5: 0, 9: 0, 10: 3, 11: 14, 12: 1, 13: 1, 14: 1, 15: 0, 16: 0, 17: 0}

